##TITLE= Parameter file, TopSpin 4.5.0
##JCAMPDX= 5.0
##DATATYPE= Parameter Values
##NPOINTS= 32	$$ modification sequence number
##ORIGIN= Bruker BioSpin GmbH & Co. KG
##OWNER= krzysztof
$$ 2025-10-22 11:59:47.465 +0200  krzysztof@dhcp24-lan135.cent1.uw.edu.pl
$$ /Users/krzysztof/Dropbox/Krzysztof/cooperation/ETH/Magritek2Bruker/COSY_SSexpert/251021-113525 COSY ()/generic_bruker_2d_data/2/pdata/1/clevels
$$ process /opt/topspin4.5.0/prog/mod/dataserver
##$LEVELS= (0..255)
-8095969000000 -4497760000000 -2498756000000 -1388198000000 -771220900000
-428456100000 -238031100000 -132239500000 -73466400000 -40814670000 -22674820000
-12597120000 -6998400000 -3888000000 -2160000000 -1200000000 1200000000
2160000000 3888000000 6998400000 12597120000 22674820000 40814670000 73466400000
132239500000 238031100000 428456100000 771220900000 1388198000000 2498756000000
4497760000000 8095969000000 0 0 0 0 0 0 0 0 0 0 0 0 0 0 0 0 0 0 0 0 0 0
0 0 0 0 0 0 0 0 0 0 0 0 0 0 0 0 0 0 0 0 0 0 0 0 0 0 0 0 0 0 0 0 0 0 0 0
0 0 0 0 0 0 0 0 0 0 0 0 0 0 0 0 0 0 0 0 0 0 0 0 0 0 0 0 0 0 0 0 0 0 0 0
0 0 0 0 0 0 0 0 0 0 0 0 0 0 0 0 0 0 0 0 0 0 0 0 0 0 0 0 0 0 0 0 0 0 0 0
0 0 0 0 0 0 0 0 0 0 0 0 0 0 0 0 0 0 0 0 0 0 0 0 0 0 0 0 0 0 0 0 0 0 0 0
0 0 0 0 0 0 0 0 0 0 0 0 0 0 0 0 0 0 0 0 0 0 0 0 0 0 0 0 0 0 0 0 0 0 0 0
0 0 0 0 0 0 0 0 0 0 0 0 0 0 0 0 0 0 0 0 0 0
##$LEVSIGN= 3
##$MAXLEV= 16
##$METHOD= 0
##$NEGBASE= -1200000000
##$NEGINCR= 1.8
##$POSBASE= 1200000000
##$POSINCR= 1.8
##END=
